4 6 15 16 20 31 
4 6 15 16 20 43 
4 6 15 16 31 32 
4 6 15 16 31 34 
4 6 15 16 31 38 
4 6 15 16 31 43 
4 6 15 16 32 43 
4 6 15 16 34 43 
4 6 15 16 38 43 
4 6 15 20 31 32 
4 6 15 20 31 34 
4 6 15 20 31 38 
4 6 15 20 31 43 
4 6 15 20 32 43 
4 6 15 20 34 43 
4 6 15 20 38 43 
4 6 15 31 32 34 
4 6 15 31 32 38 
4 6 15 31 32 43 
4 6 15 31 34 38 
4 6 15 31 34 43 
4 6 15 31 38 43 
4 6 15 32 34 43 
4 6 15 32 38 43 
4 6 15 34 38 43 
4 6 16 20 31 43 
4 6 16 31 32 43 
4 6 16 31 34 43 
4 6 16 31 38 43 
4 6 20 31 32 43 
4 6 20 31 34 43 
4 6 20 31 38 43 
4 6 31 32 34 43 
4 6 31 32 38 43 
4 6 31 34 38 43 
4 15 16 20 31 32 
4 15 16 20 31 34 
4 15 16 20 31 38 
4 15 16 20 31 43 
4 15 16 20 32 43 
4 15 16 20 34 43 
4 15 16 20 38 43 
4 15 16 31 32 34 
4 15 16 31 32 38 
4 15 16 31 32 43 
4 15 16 31 34 38 
4 15 16 31 34 43 
4 15 16 31 38 43 
4 15 16 32 34 43 
4 15 16 32 38 43 
4 15 16 34 38 43 
4 15 20 31 32 34 
4 15 20 31 32 38 
4 15 20 31 32 43 
4 15 20 31 34 38 
4 15 20 31 34 43 
4 15 20 31 38 43 
4 15 20 32 34 43 
4 15 20 32 38 43 
4 15 20 34 38 43 
4 15 31 32 34 43 
4 15 31 32 38 43 
4 15 31 34 38 43 
4 15 32 34 38 43 
4 16 20 31 32 43 
4 16 20 31 34 43 
4 16 20 31 38 43 
4 16 31 32 34 43 
4 16 31 32 38 43 
4 16 31 34 38 43 
4 20 31 32 34 43 
4 20 31 32 38 43 
4 20 31 34 38 43 
6 15 16 20 31 32 
6 15 16 20 31 34 
6 15 16 20 31 38 
6 15 16 20 31 43 
6 15 16 20 32 43 
6 15 16 20 34 43 
6 15 16 20 38 43 
6 15 16 31 32 34 
6 15 16 31 32 38 
6 15 16 31 32 43 
6 15 16 31 34 38 
6 15 16 31 34 43 
6 15 16 31 38 43 
6 15 16 32 34 43 
6 15 16 32 38 43 
6 15 16 34 38 43 
6 15 20 31 32 34 
6 15 20 31 32 38 
6 15 20 31 32 43 
6 15 20 31 34 38 
6 15 20 31 34 43 
6 15 20 31 38 43 
6 15 20 32 34 43 
6 15 20 32 38 43 
6 15 20 34 38 43 
6 15 31 32 34 43 
6 15 31 32 38 43 
6 15 31 34 38 43 
6 15 32 34 38 43 
6 16 20 31 32 43 
6 16 20 31 34 43 
6 16 20 31 38 43 
6 16 31 32 34 43 
6 16 31 32 38 43 
6 16 31 34 38 43 
6 20 31 32 34 43 
6 20 31 32 38 43 
6 20 31 34 38 43 
15 16 20 31 32 34 
15 16 20 31 32 38 
15 16 20 31 32 43 
15 16 20 31 34 38 
15 16 20 31 34 43 
15 16 20 31 38 43 
15 16 20 32 34 43 
15 16 20 32 38 43 
15 16 20 34 38 43 
15 16 31 32 34 43 
15 16 31 32 38 43 
15 16 31 34 38 43 
15 16 32 34 38 43 
15 20 31 32 34 43 
15 20 31 32 38 43 
15 20 31 34 38 43 
15 20 32 34 38 43 
16 20 31 32 34 43 
16 20 31 32 38 43 
16 20 31 34 38 43 
