4 6 8 12 19 47 
4 6 8 19 30 47 
4 6 8 19 32 47 
4 6 8 19 40 47 
4 6 12 19 30 47 
4 6 12 19 32 47 
4 6 12 19 40 47 
4 6 19 30 32 47 
4 6 19 30 40 47 
4 6 19 32 40 47 
4 8 12 19 30 47 
4 8 12 19 32 47 
4 8 12 19 40 47 
4 8 19 30 32 47 
4 8 19 30 40 47 
4 8 19 32 40 47 
4 12 19 30 32 47 
4 12 19 30 40 47 
4 12 19 32 40 47 
4 19 30 32 40 47 
4 6 8 12 19 47 
4 6 8 19 30 47 
4 6 8 19 32 47 
4 6 8 19 40 47 
4 6 12 19 30 47 
4 6 12 19 32 47 
4 6 12 19 40 47 
4 6 19 30 32 47 
4 6 19 30 40 47 
4 6 19 32 40 47 
4 8 12 19 30 47 
4 8 12 19 32 47 
4 8 12 19 40 47 
4 8 19 30 32 47 
4 8 19 30 40 47 
4 8 19 32 40 47 
4 12 19 30 32 47 
4 12 19 30 40 47 
4 12 19 32 40 47 
4 19 30 32 40 47 
6 8 12 19 30 47 
6 8 12 19 32 47 
6 8 12 19 40 47 
6 8 19 30 32 47 
6 8 19 30 40 47 
6 8 19 32 40 47 
6 12 19 30 32 47 
6 12 19 30 40 47 
6 12 19 32 40 47 
6 19 30 32 40 47 
8 12 19 30 32 47 
8 12 19 30 40 47 
8 12 19 32 40 47 
8 19 30 32 40 47 
12 19 30 32 40 47 
